10048603
10049236
10198800
10343616
10416559
10428184
10429162
10429863
10430329
10430764
10438894
10438895
10438896
10438898
10438899
10440192
10446525
10448985
10450376
10451862
10451957
10451958
10459038
10459656
10460919
10461863
10464087
10464695
10466186
10472563
10472931
10472998
10473221
10479780
10479782
10479783
10479784
10479785
10479791
10483502
10483700
10483773
10483820
10485822
10512119
10512230
10514218
10514443
10518051
10518327
10519763
10522778
10524972
10524973
10525285
10525648
10526089
10526278
10527396
10534466
10536037
10536044
10537188
10537556
10540857
10541630
10545015
10549650
10552203
10554572
10558151
10561685
10562419
10562420
10562422
10563321
10563988
10564004
10564007
10572148
10573178
10576374
10577329
10577368
10577452
10590213
10591065
10594561
10594575
10595897
10600813
10600814
10600995
10601036
10602473
10602810
10602835
10603857
10605518
10679480
10727498
10728145
10729642
10735388
10735875
10736350
10736544
10738681
10740725
10742899
10744377
10754897
10756418
10756497
10756498
10756747
10757206
10764625
10764634
10765811
10766881
10766884
10767628
10767643
10767654
10767661
10767664
10770196
10770603
10774822
10774947
10774949
10776629
10779689
10787439
10792614
10792916
10797494
10799359
10802010
10802021
10802586
10805248
10805387
10806441
10807237
10808403
10808462
10811792
10828111
10828932
10863107
10864476
10956112
11225735
11225929
11443105
11445624
11445641
11502975
11504392
11505300
11516473
11516533
11519599
11519612
11519614
11527525
11527526
11527530
11539213
11580760
11584439
11589888
11589899
11589900
11593935
11595031
11595598
11595833
11596046
11599469
11600867
11602958
11607458
11607866
11610145
11611787
11613472
11619030
11623289
11623997
11624000
11624820
11625377
11632954
11636988
11639239
1394545
1394706
1394759
1394765
1408106
1419077
1419120
1419121
1419124
1419202
1419545
1421801
1428115
1428224
1432049
1432051
1432084
1432490
1432495
1432499
1432516
1432604
1434514
1436751
1437245
1437707
1438165
1438184
1438432
1438595
1438921
1439004
1439007
1439065
1439119
1439931
1440015
1440310
1440477
1441926
1442102
1444521
1448642
1449487
1451534
1451537
1451676
1452830
1456018
1456587
1458287
1458290
1458325
1459257
1460177
1460589
1462334
1462337
1462959
1462971
1462980
1463326
1463718
1463721
1463732
1464131
1464133
1464240
1464556
1465860
1466528
1468215
1468972
1470163
1470264
1471330
1471367
1473399
1473785
1473799
1473805
1473806
1473819
1473901
1474118
1474143
1474751
1475752
1475776
1475909
1475913
1475928
1475929
1475992
1476015
1477543
1478758
1481940
1482335
1482857
1483356
1483972
1483973
1483976
1483999
1484207
1486093
1486106
1493641
1493644
1493647
1493649
1493651
1493654
1495008
1498516
1499291
1510581
1510582
1528984
1578747
1583276
1601696
16488059
16583923
16587200
16589629
16590058
16592897
16593389
1664598
17000892
1721083
1729587
1752174
1752175
1753353
1754092
1756116
1758438
1758450
1758902
1760230
1760310
1760850
1761016
1762271
1762762
1764426
1764458
1764559
1765564
1765724
1765740
1765946
1766520
1767536
1767692
1768058
1768122
1768155
1770066
1770078
1770242
1772731
1774181
1774438
1774439
1774917
1774919
1774960
1776099
1776336
1780257
1780312
1780732
1780817
1781128
1781744
1781838
1781867
1782300
1782335
1782962
1783685
1783704
1783713
1783722
1783893
1784302
1784765
1785752
1785760
1785811
1785905
1785984
1787169
1787771
1788413
1788596
1788631
1790134
1790300
1791652
1793127
1794109
1794341
1796065
1797853
1798845
1800563
1800750
1805921
1807546
1807698
1808699
1812285
1814267
1817086
1817215
1817273
1818541
1821831
1822442
1823083
1823224
1823883
1824357
1825666
1825719
1825730
1826487
1826540
1828092
1828093
1828563
1828863
1829363
1829369
1831093
1831927
1838640
1838641
1839550
1841708
1841932
1842843
1849608
18496503
1849809
1850580
1850807
1850875
1854310
1855082
1855158
1855411
1855920
1856301
1857285
1857397
1857508
1857916
1858683
1860067
1860279
1860414
1860501
1860984
1861011
1861315
1861317
1861328
1861350
1861432
1861494
1861785
1863020
1863244
1863453
1864195
1864242
1864814
1865174
1865191
1865323
1865329
1865330
1865331
1865424
1865533
1865835
1866347
1866803
1867510
1867903
1867934
1868083
1869011
1869091
1869667
1869708
1870048
1870171
1872220
1872640
1873090
1874172
1874578
1874580
1875206
1875233
1875399
1875825
1876240
1877027
1877896
1881356
1881357
1886858
1886943
1887112
1887674
1887787
1888196
1888569
1889496
1889497
1889498
1889965
1890517
1890863
1891933
1892225
1892331
1892339
1892354
1892582
1893068
1897772
1899214
1899218
1899488
1899694
1900196
1900256
1900360
1900549
1900941
1900984
1901492
1902386
1902566
1902764
1903085
1903928
1903930
1903961
1903989
1904062
1904063
1904068
1905129
1905761
1906755
1907670
1908177
1908178
1908341
1908343
1908344
1908484
1909503
1909830
1913803
1914301
1915125
1915648
1915683
1915820
1915828
1916159
1916327
1916496
1916497
1916997
1917020
1917140
1917238
1917563
1917659
1918111
1918200
1918436
1918459
1918605
1918766
1918767
1918768
1918777
1919082
1919396
1919400
1919802
1919996
1920000
1920006
1920007
1920243
1920468
1920469
1920534
1920535
1921321
1921941
1922079
1922123
1922925
1923327
1923516
1923677
1923710
1924360
1924374
1925123
1927637
1927951
1928382
1928441
1930953
1931283
1931523
1932145
1933846
1936674
1936749
1937137
1937138
1937723
1938117
1938153
1938421
1938803
1938984
1938994
1939421
1939821
1940330
1941160
1941173
1941546
1941800
1943242
1944936
1945577
1945890
1946119
1946123
1946608
1947339
1947393
1947413
1947414
1947663
1947733
1947764
1948825
1949541
1949715
1950189
1950497
1950555
1950649
1950791
1950794
1951028
1957729
1957753
1958761
1958817
1958859
1959240
1960245
1962193
1963252
1963537
1963817
1963932
1963959
1964060
1964460
1964709
1965811
1966564
1966823
1966974
1966975
1966977
1967119
1967120
1967129
1967130
1967950
1967995
1968640
1969539
1971127
1972385
1972982
1976626
1976629
1977212
1977215
1977238
1977242
1978546
1978571
1978624
1979196
1981067
1981181
1981192
1981405
1981556
1982107
1982529
1982554
1982574
1982801
1982895
1982896
1983081
1983229
1983237
1983587
1983826
1983829
1986713
1986816
1986817
1986863
1986917
1987107
1987169
1987169
1987348
1987355
1987443
1989612
19896670
19896877
19896905
19896945
19896949
1989708
1989735
19898753
19898768
19899404
1992794
19933536
19936328
19936456
1994221
1994398
1994442
1994453
1994609
1994774
1994802
1994909
1995064
19950898
1995351
1995371
1995385
1995387
1995417
1995419
1995423
1995443
1995446
1995494
1995511
1995515
1995544
1995553
1995825
1995826
1995837
19960693
19961313
19964175
19966013
19966651
19968931
19969987
19970687
19971720
19971721
19971724
19971907
19972640
1997464
19975216
19975219
19975925
19975926
1997875
1998015
19983510
1998467
19988700
1999431
2000130
20003455
20003483
2001731
2001740
2001777
2002127
2002165
2002180
2003645
2003790
2003846
2003861
2004074
2005896
2009905
2017539
2020023
2020024
2020280
2020359
2023339
2023482
2024090
2024233
2024242
2025234
20265511
2026936
20274001
20276628
20277016
20277867
2027841
2027856
2027864
2027871
20280760
2028339
20284322
2028667
2029636
2033092
2033299
2033427
2036106
2036286
20366439
2037004
2037007
2037275
20375508
20375616
20379352
20381693
20381730
20381731
20381732
20381736
20381740
20387914
20388765
20390728
20392608
20393470
20393500
20393527
20393670
20393671
20394069
20395994
20395995
20396090
20397177
2039769
20398017
20398288
20399416
20399634
2040894
2041216
20414287
20419291
2042160
20425049
20425345
20426477
2043118
2043519
20435686
2043611
2043910
20449880
20449956
20450540
20450568
20451446
20452371
20458281
20458295
20462845
20462864
2046593
2046805
20468930
20469921
2047028
20471579
20472040
20472055
20472755
20473487
20473828
2049427
20494292
20494448
20494605
20495188
2049621
20497479
20504767
20510201
20514273
20515096
2051529
20515701
2051616
2051631
20516755
2052162
2052167
2052315
2053579
2054124
2054202
2054260
2054320
2054996
2055697
20558358
2056023
2056672
2057268
2058625
2058738
2059442
2059446
2059450
2059457
2059459
2060170
2060211
2060869
2061927
2062630
2062832
2062993
2063273
2063274
2063275
2063276
2063277
2063278
2063279
2063280
2063281
2064173
2064317
2064336
2064338
2064349
2066049
2066138
2066795
2067651
2069688
2069792
2072496
2072987
2073134
2073842
2075626
2076836
2078495
2082359
2083864
2117944
2119174
2121262
2121956
2121983
2122007
2122025
2122112
2122813
2123044
2123759
21248655
21263370
2127216
2127603
2130055
2131052
2131195
21324072
21324074
21324075
21324083
21324304
2132513
21325397
21326242
21330583
2133953
2133957
2134347
2134350
2134434
21346061
21347859
21348757
21349521
21349747
21351135
21351397
21351462
21351691
21352633
2135318
21354577
21354854
21356160
2135755
2135778
21359557
21360346
21361954
21362372
21362372
2136249
21363063
21371556
2137650
2139715
2139929
2139963
2140645
2140972
2141411
2141568
2141668
2142274
2144468
2144472
2144559
2145857
21462042
2146374
2146447
2146796
21480680
2148494
2148566
2148569
2148572
2148845
2149249
2149418
2150559
2150568
2153033
21530559
2153067
2153077
2153439
2153440
2153903
2153953
2154180
2155636
2156155
2156599
2157085
2157676
2157691
2157694
2157695
2157932
2158299
2158693
2158811
2159300
2159303
2159373
2159392
21618609
21649011
2165428
2166247
21667295
2170094
21726243
21726246
2173802
2174002
2174186
21775818
21776520
21868749
21909338
2197521
21979724
2198023
2198077
2198117
22040769
22049889
2210738
2210761
2211110
2211282
2211313
2211338
2211365
2211423
2211451
2211471
2211475
2211502
2211700
2211725
2212589
2216742
2219857
2222545
2223327
2223336
2223478
2223572
2224675
2224733
2225132
2226358
2227672
2228718
2228728
2230900
2237649
2238081
2238154
2238373
2238762
2239811
2240043
2240200
2240672
2241441
2241442
2241491
2241499
2241645
2242764
2243234
2243355
2244744
2244776
2246689
2248672
2249176
2249594
2249768
2250200
2250221
2250222
2251079
2251147
2251151
2251707
2252132
2252250
2252448
2252745
2252986
2253694
22540695
2256870
2256872
2257229
2260807
2260884
2263139
2263974
2264108
2266253
2266406
2266471
2266499
2267780
2267895
2268035
2268045
2268340
2268445
2269860
2270045
2270331
2272392
2273165
2273862
2277083
2277107
2277390
2278665
2279256
2281098
2284722
2286297
2287487
2292268
2292360
2294570
2295583
2295608
2295960
2295988
2296198
2296266
2296598
2298194
2298411
2299201
22992221
22992684
2299849
2300687
2301517
2301791
2302183
2302690
2302705
2303293
2303827
2304120
23055578
2305582
2305688
2310015
2311460
23133929
2321670
23231824
23240478
2325950
2326027
2330153
23314165
2332308
2332327
2332858
2332861
2333999
2334107
2334966
2335224
2335318
2336600
2336936
2336940
23369517
2337161
2337266
2337880
2337967
2338043
2338270
2340494
2340495
2340546
2340904
2341225
2342413
2342431
2342524
2342784
2343442
2344379
2345339
2345560
2346443
2346444
2348314
2349653
2352565
2354108
2354501
2355816
23598304
2360143
2361234
2362292
2362557
2362634
2363882
2364036
2364588
2365164
2365431
2365644
2368212
23690090
2369270
2369639
2369693
2370125
2370259
2370345
23704902
2372224
2373072
2373077
23741976
23742093
2375742
2375845
2375955
23761974
2376564
23779364
23781001
2378295
2379186
2379382
2379849
2380320
2380337
2381142
2381968
2382785
2383178
23858205
23858215
23903298
2393656
24037551
24089574
24294774
24298810
24311056
24319032
24324768
24379905
24379907
24380091
24380092
24384162
24385116
24403675
24407994
24523370
24527005
24527537
24530998
24531367
24549919
24697428
24699400
24699611
24699999
24701558
24703100
24703717
24705229
24713894
24714856
24716466
24721257
24722705
24732396
24732411
24733545
24733667
24734444
24734623
24735728
24735730
24736078
24738000
24738176
24744326
24744345
24744749
24745554
24745645
24746561
24747016
24747017
24747019
24747022
24747024
24747026
24747028
24747030
24747888
24749177
24749872
24750168
24815583
24827600
24838270
24838602
24840636
24842684
24842984
24842985
24844890
24845246
24845306
24846484
24848909
24851514
24856638
24857164
24858069
24866738
24869631
24870364
24870500
24872665
24874071
24875500
24876210
24882306
24888108
24888703
24890200
24928066
25261357
2567615
2567621
2567842
25705713
25708596
25711626
25712604
25712657
25714471
25714484
25714572
25720042
25720795
25720801
25721531
25722391
25723743
25727095
25728086
25732435
25732438
25733244
25734941
25735245
25736021
25736610
25736631
25740934
25742803
25744227
25747616
25747641
25748906
25749393
25749727
25749728
25750388
25750389
25750390
25750391
25752648
25755964
25755965
25756582
25759025
25759875
25760271
25762457
25763479
25763804
25764113
25764392
25764414
25765100
25765275
25768472
25769056
25769471
25771603
25773114
25773371
25774449
25774634
25775098
25775684
25777023
25777232
25780486
25780898
25780899
25781748
25781749
25781762
25782045
25782128
25782282
25782283
25783181
25786206
25787278
25790015
25790383
25792771
25792873
25792876
25793439
25796150
25797454
25798397
25799158
25801186
25803894
25803898
25804030
25804889
25805910
25807672
25808677
25808922
25809536
25811839
25812062
25812130
25813053
25813584
25813843
25813943
25814520
25816144
25818590
25818882
25819421
25819888
25819889
25820136
25820484
25820837
25820961
25821901
25821950
25822267
25822441
25822444
25824129
25824373
25824729
25824830
25826540
25826974
25827362
25827401
25827405
25828207
25828510
25829359
25829766
25830555
25830582
25830587
25831492
25831627
2583172
25832878
25833169
25833946
25834317
25836524
25837022
25838520
25838921
25839578
25839614
25840286
25840578
25840732
25841065
25841067
25841146
25842820
25843159
25844232
25845186
25846095
25846435
25846453
25846457
25846494
25846978
25849164
25849368
25850000
25850227
25850417
25850776
25851019
25851772
25852165
25853079
25854855
25855112
25856125
25856128
25857120
25857421
25860323
25860400
25861083
25861090
25861921
25862203
25862229
25862231
25862614
25863046
25863587
25865115
25865729
25865738
25866547
25866642
25866771
25867475
25867650
25869275
25870379
25872007
25873295
25873634
25878477
25879930
25879936
25879945
25880699
25882234
25883189
25883211
25884183
25884186
25884189
25885279
25886100
25886281
25886535
25886536
25886554
25887574
25887575
25888322
25889612
25890706
25890979
25890980
25891952
25892358
25893312
25894499
25894886
25894890
25898077
25899427
25899850
25900557
25900871
25901339
25902564
25903534
25905591
25906828
25907181
25907318
25908356
25910773
25911629
25912444
25913765
25917339
25917869
25919730
25919797
25920734
25920792
25920889
25922317
25926129
25926962
25933124
25934600
25935011
25935992
25940364
25942319
25944616
25944633
25947218
25950282
25950875
25950941
25951851
25958272
25959735
25962948
25963101
25964046
25968271
25970404
25970405
25973717
25973719
25974612
25977960
25979645
25979920
25980530
25982184
25984059
25984376
25984438
25987798
25987856
25995331
26004474
26012714
26022147
26022148
26024819
26030924
26035373
26035441
26035442
26044042
26046576
26046906
26046927
26049737
26061938
26067806
26073291
26076035
26077486
26079105
26079140
26081012
26093005
26095317
26119545
26129168
26148352
26158400
26184603
26185365
26189843
26189844
26194697
26201633
26205954
26208705
26213029
26215047
26220664
26230058
26235256
26250056
26253841
26255164
26255698
26257203
26258194
26258523
26258943
26260700
26261352
26267100
26268165
26268789
26269412
26271061
26271064
26271676
26273220
26273471
26273498
26274448
26275212
26275221
26276841
26277059
26277594
26280142
26280208
26280210
26280246
26280988
26282254
26283249
26283284
26283673
26285427
26285461
26285468
26285471
26285473
26285474
26285645
26285647
26285901
26285902
26287142
26288203
26289031
26290352
26290375
26291989
26295234
26296671
26296672
26296720
26299273
26299545
26299720
26299935
26300124
26300327
26301457
26302401
26302799
26304713
26309619
26310323
26311621
26313542
26314540
26315207
26315610
26315673
26316011
26316150
26316806
26316970
26320508
26320998
26321099
26321513
26321925
26323180
26323227
26325103
26325595
26325613
26325855
26325887
26327557
26328042
26328076
26328077
26328239
26328250
26328716
26328717
26328718
26328719
26329271
26329289
26329394
26329866
26330125
26330250
26331359
26331460
26332399
26333903
26334340
26334341
26334491
26335164
26336289
26337398
26337554
26337770
26338121
26338137
26338351
26338397
26338931
26338932
26339294
26340784
26341351
26342266
26344381
26344482
26344560
26350472
26352514
26353720
26354444
26354618
26355652
26356676
26358966
26359466
26359472
26359664
26360601
26360957
26364790
26367793
26368297
26368302
26369497
26369707
26370194
26375378
26375772
26375856
26375857
26375858
26376436
26376787
26376899
26377250
26377774
26377833
26379791
26382611
26383128
26383437
26383439
26383851
26384372
26386100
26386521
26386590
26389614
26389806
26389971
26390634
26391041
26392706
26400759
26405907
26409447
26409992
26410001
26411594
26411983
26412859
26413225
26415965
26416838
26418039
26418040
26420019
26426131
26427382
26428267
26430334
26435166
26435167
26435168
26435169
26444000
26462931
26469613
26470383
26470921
26519447
26531491
26537908
26537914
26544216
26547502
26565375
26565649
26572393
26575466
26575468
26575469
26575470
26575833
26576397
26576816
26576817
26576829
26577012
26578734
26578982
26578986
26578988
26580904
26580913
26581555
26581570
26582285
26583374
26583576
26583631
26584647
26586271
26587095
26587194
26587465
26587467
26587468
26587648
26587699
26588087
26588090
26588383
26589759
26590438
26591227
26591538
26591541
26591544
26592103
26593703
26593704
26593705
26593706
26594318
26594732
26594733
26595218
26595220
26595304
26598305
26598528
26598824
26598825
26599275
26599848
26602653
26602657
26602660
26604956
26605003
26605113
26605118
26605119
26605299
26606539
26606540
26606996
26608549
26609325
26609894
26610088
26611134
26611149
26612024
26612069
26612103
26612845
26614507
26614805
26614807
26614808
26614853
26616271
26616586
26616757
26617055
26617363
26617404
26627708
26627798
26627964
26628205
26628209
26628902
26629083
26629085
26629931
26632451
26632996
26633053
26634752
26634866
26635012
26635020
26636526
26637063
26637659
26637965
26638049
26638139
26638221
26638254
26638616
26640290
26640649
26641781
26642225
26642963
26643121
26646712
26648615
26648708
26649143
26651635
26653514
26653858
26654642
26655485
26656420
26656997
26657232
26657962
26658588
26659318
26662618
26664051
26664090
26664157
26665761
26668844
26669019
26669366
26670587
26671580
26671876
26673359
26673360
26675778
26676402
26677313
26677356
26678363
26678696
26679962
26680148
26681461
26681589
26681700
26682722
26683578
26684866
26684867
26684868
26685853
26686063
26686175
26688396
26688413
26689834
26691335
26692355
26692838
26693101
26693281
26693564
26693641
26694865
26695186
26695354
26695355
26695535
26696311
26698360
26698904
26699022
26701961
26704475
26704508
26705451
26705496
26708030
26709132
26710363
26711718
26712349
26714305
26718808
26719278
26720231
26721490
26723545
26723615
26724177
26724180
26725531
26725713
26726595
26731213
26731214
26731495
26731638
26733592
26733688
26733689
26733691
26733693
26736259
26736669
26737293
26738142
26738787
26739415
26739531
26739538
26741006
26741189
26744105
26744376
26744901
26746123
26751663
26752835
26752886
26754468
26754546
26754548
26754550
26754587
26756098
26757093
26757435
26757756
26758304
26759144
26761098
26761183
26761770
26762185
26762368
26763090
26763190
26764377
26764878
26766189
26766346
26767078
26767079
26769392
26770050
26770318
26773334
26774002
26777447
26777679
26777990
26778279
26778280
26778281
26778418
26779610
26779901
26780324
26781135
26781609
26781699
26781700
26781848
26783095
26783443
26783961
26785086
26785114
26785473
26785948
26785949
26786363
26786425
26786694
26786736
26786763
26786781
26786984
26787372
26787561
26787567
26787881
26789528
26789688
26789760
26791541
26791609
26792802
26792943
26792969
26793716
26794532
26794999
26796496
26797503
26800217
26800218
26800445
26800514
26802014
26802108
26802872
26803636
26803641
26804058
26804363
26805799
26806402
26807361
26808195
26808208
26808213
26808898
26808904
26808906
26810593
26810613
26810614
26811282
26811284
26811674
26812050
26815835
26815857
26816115
26816117
26816910
26816971
26818174
26819629
26819665
26820361
26820362
26820969
26821016
26822199
26822235
26824803
26825192
26827709
26828896
26829378
26830653
26831243
26831728
26832106
26832703
26833952
26833953
26836461
26836892
26837456
26837543
26837962
26837982
26838301
26838643
26839526
26839900
26839974
26841289
26843580
26843889
26844353
26844413
26845018
26845743
26845783
26847915
26849795
26849820
26850667
26851770
26852943
26853186
26853201
26853358
26853563
26854115
26854543
26854544
26855333
26855624
26855692
26856757
26858359
26862520
26862522
26863453
26864508
26864516
26864920
26865173
26865742
26866457
26866458
26866459
26866464
26866465
26866466
26866469
26866475
26866806
26867476
26868491
26868974
26869100
26869895
26870169
26870332
26871266
26871501
26871591
26872769
26872860
26872862
26872863
26873484
26873503
26873504
26873505
26873511
26874181
26874265
26874266
26874267
26874268
26874270
26874834
26875203
26875499
26875685
26876145
26876812
26877798
26877977
26878678
26878890
26878891
26879054
26879198
26879204
26879206
26879581
26879835
26880239
26880975
26881086
26882805
26883489
26883490
26883493
26883790
26884072
26884115
26884329
26884330
26884332
26884567
26884594
26885383
26885536
26886290
26887429
26887432
26887592
26887957
26887966
26890075
26890399
26891576
26891577
26891764
26893012
26893413
26893500
26894957
26895894
26896713
26898843
26899488
26899495
26900075
26900081
26901005
26901039
26901381
26902679
26903352
26903357
26903360
26903700
26903716
26903720
26904155
26905390
26905427
26905441
26905696
26906557
26906562
26907236
26907507
26907809
26909101
26909105
26909112
26911484
26911568
26911672
26911727
26912191
26912196
26912198
26912199
26912200
26912202
26914469
26915124
26915178
26915459
26916485
26916486
26916487
26916489
26916490
26916491
26917358
26917452
26918024
26918521
26919570
26920116
26920956
26922919
26922970
26922978
26923663
26923664
26924423
26924754
26925127
26925128
26925417
26925587
26926327
26926334
26927088
26927171
26927172
26927173
26927814
26927940
26927942
26928380
26929178
26929307
26929553
26929759
26929985
26930020
26930243
26930457
26930459
26930519
26930520
26932158
26932395
26932396
26932750
26932763
26932765
26932767
26932776
26932777
26932778
26933756
26933980
26933981
26933982
26933983
26933984
26933985
26933986
26933987
26933988
26933990
26933991
26935112
26935113
26935119
26936445
26936652
26937795
26939990
26940007
26940009
26940195
26940335
26940804
26940836
26940932
26942532
26942533
26942534
26943665
26943675
26944316
26947437
26947438
26947443
26947444
26949195
26949350
26949484
26950652
26950909
26952449
26953135
26953136
26953137
26953334
26953715
26953717
26953987
26954382
26954507
26954511
26954825
26954827
26954966
26955007
26955456
26956578
26956584
26957135
26957815
26957816
26957817
26957818
26957819
26957821
26957822
26957823
26957824
26958105
26958726
26958729
26958944
26958946
26958950
26959507
26960543
26960544
26960546
26960547
26960551
26960552
26960554
26960555
26960837
26960838
26961730
26962236
26962447
26962448
26962451
26962454
26962455
26962952
26962953
26962954
26962955
26963750
26964796
26965055
26967612
26968652
26969325
26969844
26971216
26972298
26973144
26973345
26973475
26975578
26975950
26975951
26977957
26978825
26980208
26980756
26982659
26982689
26983521
26985588
26985770
26985803
26986288
26986290
26986291
26987478
26987484
26989470
26991292
26992640
26993042
26994271
26994669
26995097
26995262
26995448
26995959
26997856
26999681
26999690
27000419
27000456
27000819
27004098
27004231
27004241
27004323
27004325
27005837
27008337
27008659
27008672
27008676
27010032
27010078
27010679
27011995
27012038
27012075
27012402
27013439
27015774
27017187
27020001
27020002
27020003
27027423
27028191
27029112
27030301
27031351
27031353
27031445
27031449
27031654
27031855
27032878
27032892
27032906
27034210
27034212
27034214
27034984
27035143
27035219
27035220
27035222
27036985
27037110
27037111
27038149
27039386
27040808
27042441
27042897
27042929
27043609
27043638
27044433
27053530
27054926
27060762
27061497
27061640
27063158
27064712
27065216
27070538
27074434
27075915
27077181
27077779
27078503
27078697
27083899
27084985
27084986
27085517
27085901
27088623
27088832
27088844
27092142
27094624
27098527
27100040
27101840
27102832
27103191
27103738
27103739
27103857
27104747
27107582
27109076
27109460
27109905
27110987
27112723
27119085
27119337
27119758
27121551
27123857
27124728
27125616
27125915
27126956
27129811
27131639
27131718
27131846
27133693
27133704
27136745
27139201
27140350
27140830
27140831
27141173
27143167
27150037
27150149
27150224
27150901
27153648
27153662
27153663
27153664
27153665
27153666
27153667
27153668
27158117
27160824
27162358
27162810
27163042
27163190
27163848
27165404
27165597
27167725
27169238
27169346
27169548
27170568
27171186
27171493
27171628
27171637
27171717
27172864
27172884
27179161
27180219
27180908
27181931
27183532
27185874
27187004
27188719
27191756
27193812
27194043
27194255
27194358
27195223
27197863
27199073
27201831
27204074
2743177
2745833
27589903
27593985
27595893
27595925
27597724
27599994
27601915
27602023
27602654
27602688
27602693
27602695
27602759
27603085
27603086
27603111
27604546
27604719
27605469
27607731
27615853
27615973
27616229
27616592
27622478
27622508
27625192
27625486
27665800
27665806
27666140
27667676
27667740
2968572
2968579
2969063
2969267
2969330
2969721
2969868
2970112
2970131
2970227
2970228
2971657
2972152
2972157
2972160
2972769
2972963
2973596
2973797
2977828
2977984
2978322
2978821
2978871
2978984
2979103
2979139
2981522
2981598
2981599
2981615
2982029
2982800
2983532
2989101
2990259
2990328
2990331
2992913
2993011
2993274
2994003
2994012
2996172
29970378
2997371
2997560
2999522
2999924
3000030
3000343
3000415
3000912
30027989
3003022
3004054
3004115
3004851
3004859
3004905
3004943
3005167
3005361
3005710
3006093
3006380
3006822
3008453
3008720
3010269
3010534
3011299
3011397
3011402
3011664
3011671
3011912
3011950
30127086
30130704
30133843
30136242
30137234
30137619
30137925
30142862
30142863
30142864
30144040
30144823
30144829
30145457
30145884
30145894
3014680
30147433
30147732
30148526
30148847
30153121
3015371
30155817
30156864
30157822
3015814
30158387
30158389
30159375
30159677
30160328
30161954
30162472
30163082
30164131
30164166
30165064
30165080
30166544
30167886
3017039
30171058
30173886
30177776
30177780
30177902
3017938
30181716
30182448
30183156
30183285
30184372
30188806
30190173
30193337
30193357
30193361
30195992
30196007
30198251
30198622
30201430
30201432
30201435
30201490
30201625
30204041
30205582
30205585
30206663
30210001
30210270
30210488
30211095
30214726
30215135
3021610
30216518
30217092
30218468
30218475
30218660
30219295
30219832
30221317
30221561
30221573
30222763
3022345
30223817
30224537
30224853
30226969
30227041
30230294
30230295
30230555
30231705
3023568
30236551
30236636
30236647
30237882
30237887
30238101
30238103
30238831
3023902
30240672
30241338
30243509
30243577
30243978
30243982
30246603
30249278
30250020
30253295
30253429
30255549
30256070
30256493
30256499
3025725
30258030
3025866
30258872
3025894
30258948
30260443
30262157
30262158
30262159
30262160
30264762
3026518
30265338
3026724
30268617
30270340
30270728
30271412
30272944
30272946
30275626
30276046
30278526
30278840
30281471
30282080
30282085
30284486
30284786
30286516
30286581
30287057
30287927
30288074
30289072
30289705
30289739
30290345
30290777
30291166
30291681
30291685
30291797
30292206
30293584
30293585
30293776
30294637
30294777
30295470
30295712
30296454
30296813
30296815
30297693
30300306
30302044
30302210
30302249
30302317
30302488
30304157
30304191
30305035
30305194
30305397
30307190
30309204
30309205
30309384
30309949
30310871
30311934
30314547
30314564
30315657
30316355
30316499
30316865
30317317
30319865
30320009
30320498
30321488
30321490
30321759
30321858
30321865
30323137
3032354
30324677
30325247
30326094
30326105
30326107
30326118
3032785
30328578
30329692
30329749
30332464
30336882
30336895
30337219
30338265
30340140
30340489
30340498
30341802
30343303
30344432
3034471
30346432
3034778
3034779
30348545
30349366
30349925
30350194
30355985
30356077
30356569
30356583
30359034
30360658
30361110
30362394
30362395
3036303
3036386
3036452
30365050
30365335
30368392
30369447
30370390
30374109
30375360
30378280
30379746
30380057
30381686
30381843
30382273
30383489
30384355
30384912
30389039
30392412
30392455
30393737
30394544
30395257
30396934
30396935
30396949
30398573
30398574
30398575
3039999
30402513
30404365
3040664
30408711
30410462
30410978
30412975
3041363
30415876
30420641
30420739
30420767
30421494
30425583
30425590
30427585
30427587
30428435
30429918
30430299
30430848
30434341
30434479
30437816
30438435
30438525
30442979
30444790
30449934
30450139
3045066
30451445
30451649
30451749
30453107
30453108
30453109
30453110
30453833
30453834
30461232
30461572
30463617
30463618
30465517
30466476
30474438
3047555
30477811
30479186
30480518
30484900
30485749
30488232
30489707
30489828
3052670
3052845
3053982
3055334
3056390
3057508
3057597
3058478
3058664
3065056
3065063
3066277
3067072
3074163
3074189
3074191
3074193
3074194
3074223
3074248
3074331
3075141
3075335
3076208
3078035
3079045
3079057
3079781
3079789
3079791
3079792
3079794
3079796
3079798
3079802
3079803
3079806
3079845
3081039
3088343
3088704
3089129
3089294
3089341
3089960
3090036
3090380
3090717
3091629
3091638
3091789
3092541
3092567
3095140
3095522
3095738
3095755
3096056
3096865
3097274
3097421
3097706
3097733
3097807
3097933
3097945
3098012
3098526
3101759
3102738
3102777
3103074
3103075
3103354
3103385
3103386
3103468
3103468
3103474
3103479
3103507
3103509
3103521
3103758
3103872
3103878
3104310
3104316
3105426
3105429
3111494
3114108
3114432
3114692
3115091
3118211
3118214
3118421
3118422
3119156
3120634
3121367
3121656
3121739
3121919
3122099
3122575
3123506
3124340
3125510
3125959
3125963
3126418
3127136
3128396
3128563
3128626
3128759
3130279
3130723
3133862
3134241
3134276
3135021
3135162
3137543
3139208
3139825
3139828
3140473
3141338
3141535
3142708
3145417
3146558
3146845
3148696
3149840
3151864
3152821
3152942
3153108
3153418
3154430
3155845
3156424
3156494
3156637
3157167
3157984
3158228
3158633
3158773
3158915
3159172
3159182
3159225
3159281
3159288
3159325
3159329
3161084
3161997
3167458
3168341
3169415
3169963
3170041
3170042
3170426
3170478
3170538
3170565
3172115
3172117
3173089
3173091
3173304
3173487
3173549
3173813
3174381
3175994
3176992
3177645
3177655
3179006
3179193
3179204
3183040
3186036
3187636
3188987
3189304
3190626
3190674
3193152
3193161
3193309
3193866
3194331
3195944
3196858
3197354
3197539
3202353
3203868
3204526
3204887
3205848
3206522
3206661
3211540
3212235
3212788
3213707
3213790
3213792
3214016
3214239
3214679
3214719
3215267
3215268
3219895
3220875
3221440
3221441
3222161
3223535
3223548
3223607
3224531
3225835
3226385
3226420
3226571
3226659
3226717
3226721
3227115
3227747
3228766
3228904
3228922
3228973
3229011
3229124
3229737
32300644
32312928
3231416
3232018
3232918
3233310
3233728
3236025
3236072
3237094
3237377
3237766
3238028
3240642
3240656
3240661
3240689
3241559
3242600
3243373
3243485
3243905
3244045
3245182
3250837
3251158
3251762
3252641
3253299
3255970
3257731
3257810
3257812
3258424
3258464
3258484
3258698
3259457
3260364
3263495
3264936
3267191
3267218
3268115
3268141
3268199
3268650
3269405
3271018
3271903
3272100
3272172
3272228
3273839
3273921
3274029
3275571
3275829
3276058
3276637
3278140
3278368
3278489
3280402
3280960
3281654
3282989
3283011
3283059
3284169
3284515
3284653
3285118
3285357
3285770
3286708
3287548
3287552
3287554
3287670
3288005
3290967
3291807
3292359
3293779
3295080
3295716
3295731
3296000
3296303
3297029
3297395
3297676
3297990
3298474
3298564
3298585
3298621
3299069
3300555
3300877
3302152
3302247
3302337
3302354
3304802
3306023
3306585
3306640
3307847
3309081
3309393
3310012
3310755
3311298
3313452
3314235
3314847
3316871
3317180
3317762
3317764
3317956
3318541
3319836
3320109
3321748
3322720
3322888
3323874
3324344
3324524
3325115
3326316
3326375
3327530
3327544
3328459
3329126
3329382
3329510
3329532
3333426
3334157
3334272
3335727
3335729
33375784
33380160
33381314
3338641
33387311
33391259
33391723
33396705
3339754
33400412
33400433
33406354
33410601
33411066
33416186
33416932
33416964
33417996
33420632
33420811
33421538
33423202
33424464
33428258
33429497
33429830
33430610
33431719
33434402
33435173
33442395
33444527
33444533
33445240
3344884
33451117
33451345
3345201
3345475
3345492
33462556
33465515
3346835
33468362
3346940
33472512
3347326
33473525
33474289
3347562
3347625
33478524
33480857
33483429
3348615
33489731
3349022
33501337
33504929
33509693
33511372
33511485
33517608
33518793
33529222
33531701
33532633
33540811
33542650
33544746
33545732
33547391
33562692
33564353
33566018
33566025
33566799
33568193
33572382
33577422
33583940
33587645
33588276
33594282
33595592
33597424
33598110
33600283
33600401
3360588
33606326
33607688
3360778
3360986
33610313
33610922
33611481
3361316
33613909
33619130
33624020
33627397
33629836
33636081
3364241
33644054
3364485
33645752
33646330
33651288
33653381
33656509
33656702
3365686
33657530
33664947
33668893
33671723
33677668
33677754
33679299
33680017
33681942
33682610
33685477
3368802
33690341
33692116
33695741
33710167
33717072
33719653
3372311
33723649
33725026
33731632
33736469
3373845
33741404
33742111
33744987
33745357
33747364
33747849
33760000
33760650
33761177
33769156
33769476
33769497
33771545
33777210
33777425
33778360
33782984
33790122
33799486
33803645
33805256
33806194
33807925
3381689
33824205
33829095
33830525
33831234
33831938
33834085
33836129
33840979
33845273
33845929
33849758
33851317
33851337
33853831
33866156
33868878
33870763
33871225
33876948
33877062
33880012
33881824
3388204
33882842
33884391
33885608
33887781
33889796
33901763
3391042
3391214
33914569
3391809
33921858
33921941
33924905
33928238
3392949
3393088
3393133
3393286
33936032
33937187
3393790
3393795
33942178
3394355
33948555
33949563
3395548
33955778
3395693
3396517
33965584
33969635
33970242
3397299
33981165
33982849
33985534
33987129
33988043
33989456
3399465
34005537
34008834
34009301
34009641
34011006
3401265
34013081
34015951
3401606
34017928
34025296
3402618
34027876
3403718
34042914
3404347
3404348
34044604
34045987
3405065
34055749
34056845
34061407
34063157
34065926
34067866
34070440
34073027
3407456
34076676
3408122
3408467
34084685
3408729
34087810
34100906
34104789
34107599
34112626
34112636
34113852
3411600
3412009
34120191
34120838
34123601
34127165
34128170
34131194
34133532
34136134
34137969
34142382
34143097
34153887
3415600
34157252
34158306
34158783
34164969
34169186
34174249
3417430
3417436
34174372
3417508
34178580
34185547
34187212
34188028
3419065
3419620
34202675
34204368
34210970
34211625
34218737
34222118
34222314
34222392
34231690
34235343
34236172
34239508
34240856
34241114
34245043
3424586
34249409
34250661
3425260
34255696
3425577
3425585
34261178
3426370
3427052
34273750
34279840
34282550
34283659
3429283
34292897
34302319
34302573
3430469
34307331
3430789
34308674
34308886
34309799
34311055
3431125
34317088
34324507
34328980
3433235
34344676
34345855
3434653
34350240
34351313
3435203
3435209
3435219
3435525
34358229
3436088
3436121
3436187
3436343
3436350
3436556
34366321
3436844
3436874
3436952
34370918
3437201
3437202
3437205
34372111
34372571
3437517
34375503
34375754
3437939
34381984
3438558
34391898
3439450
34395550
34396951
3439854
3439908
34399173
3440452
3440700
3440752
3441539
3442217
34424580
3442578
34426238
34429967
3443412
34434620
3443502
3444119
34442109
34445241
3445090
34451111
3445983
34460710
3446277
34463051
34463090
3448389
34486445
34486969
34487221
34487770
34491657
34495383
34496666
3449687
34496993
34498585
3449934
34500402
34501916
3450314
34504965
34505307
3450535
34507874
34508267
34508395
34508595
34508977
3450951
3450996
34510090
34512517
34513507
34513933
34514855
34515662
34516204
34516228
34518036
34518074
34518650
34519656
34520110
34521772
34522556
34523628
34524021
34524462
34524734
34525675
34528225
34528617
34529301
34530216
34531479
34540081
34542100
34542816
34543422
34544080
34545513
34546981
34547201
34547995
34548570
34549300
34549411
34550724
34550905
34552501
34553306
34554121
34554155
34557940
34560109
34560794
34560958
34561658
34563398
34564446
34565277
34568053
34572590
34575469
34577575
34578998
34579567
34580532
34580758
34582715
34584413
34586687
34587731
34589465
34596163
34596215
34598556
34606492
34606962
3466440
34667647
3470244
34782106
34787027
34792271
34802506
34802512
34804764
34822263
34824279
34828035
34836333
34838749
34842938
34843001
34851215
34851264
34853922
34863801
34865211
34865367
34865434
34865441
34877615
34885014
34886838
34888765
34888981
34891829
34896884
34899064
34900538
34950864
34953061
34954787
34956058
34957462
34959509
34967039
34967380
34967843
34972339
34975961
34977679
34979057
34985408
34998403
34998422
35001934
35004261
35008981
35009743
35012653
35016784
35018702
35018725
35038869
35042090
35042895
35043553
35045961
35045962
35048586
35055704
35060746
35061570
35061601
3506431
35070964
35079460
35081620
35084988
35095546
35095547
35095602
35095621
35095622
35095647
35095671
35095979
35095997
35095998
35095999
35098718
35099665
35101879
35110809
35110822
35110828
35110830
35110831
35110856
35111101
35112147
35112405
35129053
35129054
35132503
35146776
35156352
35158046
35159330
35160748
35170470
35170603
35176563
35187931
35188203
35188209
35191449
35191450
35192448
35194524
35194526
35194615
35196017
35197157
35199527
35199628
35199945
35201115
35202017
35202022
35203209
35203225
35203559
35203667
35203882
35203903
35204126
35205616
35206799
35206822
35207364
35207502
35207505
35207506
35207557
35210570
35210773
35212096
35213694
35213777
35213779
35214738
35215777
35215920
35221185
35221325
35222765
35222769
35223920
35225863
35226142
35226187
35227271
35227598
35229737
35230713
3523295
3523341
35233734
35234399
35234899
35235088
35236765
35236909
35237964
35240050
3524059
35244326
35248262
35248797
35250405
3525576
35256142
35257302
35260974
3526459
3526610
35266659
35270699
3527194
35272398
35284194
35284553
35285203
3529000
35290266
35295958
35299531
35303838
35304238
3530740
35312101
35312108
35312174
35312175
35312785
35312806
35318405
35322224
35326346
3532982
3532989
3532990
35330773
35331602
35331604
35333618
3533463
35335645
35338789
35338790
35339453
35340866
35342093
35343334
35345656
3534692
35348531
35348583
35351286
35351927
3535425
3535428
35354389
35354571
35354767
35356645
35359369
35361875
3536232
35364078
35364120
35366519
35366527
35368077
35368215
3536952
35370558
35374791
35375002
35376742
35378077
35378090
35378194
3538242
35384472
3539775
35398956
35399207
35399235
35402791
35403951
35407845
35409335
35410314
35410386
3541141
3541195
35413049
3541311
35414254
35414624
3541468
35415758
3541596
35417630
35418269
35422363
35422518
35423008
35423108
35424684
35429647
35429984
35429992
35430868
3543112
3543150
35433593
35440273
35444409
35446562
35452131
35452139
35452155
35452495
35454887
35455697
35462030
35462064
35463860
35463888
35467041
35467292
35467303
35467318
35467395
35468626
35468635
35468699
35470456
35475012
35477378
35478927
35478957
35480121
35480264
35483405
35496449
35496474
35499933
3550109
35501465
3550248
35502745
35502811
35502848
35506389
35506503
35513757
35516306
35516309
35518230
3553227
35541983
35545459
35547760
3554897
3555047
35551398
35551404
35554531
35554532
35554533
35554534
35554535
35554536
35554537
35554538
35554539
35554540
35554541
35554573
35557278
35557837
35566074
35576469
35576470
35576471
35576472
35576474
3557954
3558034
3558037
3558046
35584947
35587475
35587481
35587482
3558901
3558904
35589990
35589994
35589995
35589996
35593341
35595012
35595764
35595766
35601428
35602380
3560268
35604292
35604293
35604294
35605266
35607694
35610096
35610538
35610540
35613969
35617186
3561893
3562343
35624560
35625113
35625114
35625115
35625116
35625118
3562545
3562676
3562697
35630470
35632355
35638485
35638939
3564874
35651075
35651076
35651077
35651078
35651079
35656909
35658623
35660826
35660834
35661047
35661897
35661898
35662866
35666478
3566695
35668384
35669953
35669962
3567144
35677059
35677060
35677061
35677062
35677063
35677065
35678715
35686585
35686629
35686630
35686631
35686632
35686784
35686795
3568731
35688140
3568921
35691560
35696283
35696575
35699865
3570076
35703909
35703910
35703911
35703912
35703913
35703914
35703915
35703916
35703918
35703919
35711673
35711743
3571304
35715848
35715911
35725374
3572709
35729637
3573547
35736662
35739680
35739681
35739682
35739683
35739684
35745413
3574616
3574623
3575126
35751681
35758367
35758563
35758564
35758565
35758566
35758567
35758568
35763844
35767328
35768843
35768861
35768929
35769771
3577097
35774662
35775337
35775935
35784318
35784319
35785826
35785827
35785828
35785889
35785892
35791649
35791650
35791682
35791683
35791684
35792205
35792209
35793589
3579614
35796369
35796370
35796371
35796372
35796373
35796375
35796376
35796377
35802713
35802714
35802715
3580810
35808117
35812851
35816148
35816149
35816150
35816151
35816152
35816153
35816154
35816155
35816156
35816157
35816158
35816159
35816160
3582162
3582215
3582255
3582412
3583682
35840652
3584243
3584652
35858942
3586039
3586305
3586789
35868541
35876920
35877192
35877358
35878164
35885384
35885391
35885403
35885740
35889927
35889928
35889929
35889933
35889934
35898810
35900982
35900983
35900984
35900986
35900987
35900988
35900989
35900990
35900991
35905830
35906467
3590839
35910125
35910126
35910128
35910129
35910247
35910248
35910249
35913980
35914120
3591544
35915774
35916351
35916352
35916353
35916354
35916355
35916356
35916357
35916358
35916359
35916360
35916361
35916362
35916363
35916365
35916890
35927401
3593211
3593883
35943541
3594567
35947884
35949167
35955774
35955887
35956345
35956346
35956347
35956348
35970616
3597246
3598278
3598286
35992122
35998868
3600630
36008275
36008288
3601294
3602199
36032499
3604749
36049874
36049875
36049877
36049879
36049880
36049881
36049882
36049883
36049885
36049886
36049887
36049888
36058005
36059143
36067144
36067223
36073855
36076136
36078965
36079155
36082161
36084099
36084100
36084101
36084102
36084103
36084127
36084916
36084917
36085402
36085403
36086401
36086420
36086421
36086724
36086748
36087037
36089428
36089429
3611585
36124826
36128048
36132452
36138462
36138463
36138464
36141869
3614470
3614547
36152235
3615404
36154724
36154725
36154741
36154742
36154743
36154744
36154745
36154746
36154747
36154748
36154749
36154750
36158498
3616999
36172393
36175842
3618333
36183589
36183592
36183649
36183650
36183651
36183652
36183653
36183654
36183655
36186457
36188591
36188954
36190448
3619055
36193186
36197440
36197442
3619773
36199150
36203420
36203497
36203498
36203499
36203500
36203501
36203502
36203503
36203505
36203507
3621125
3621186
3622298
36234261
36234386
36234398
36241648
3624245
3624246
3624445
3624841
3624865
36250469
36253449
3627472
36281529
36282309
36282310
36282311
36282312
36282313
36282314
36282315
36282316
36283639
3628489
36292180
3629283
36298475
36299004
36299005
36299006
36299007
3630420
3630470
36313900
36313901
36313902
36313903
36313904
36313905
36313906
36313907
36313908
36313909
36313910
36314356
3634524
3634672
36350359
36357346
36357347
36357349
36357364
36357365
36357366
36357367
36357368
36357369
36357370
3636598
36366794
3637000
3637198
3638189
36390621
3640849
3641058
3641623
3642706
36436909
36436914
36436917
36436919
36436920
36436921
36437003
3644924
3645384
3646749
3648676
3648778
36490264
36499483
36499484
36499485
36499486
36499487
36500010
36500012
36500013
36500016
3650032
3651392
3652777
3653172
3653321
36543517
36543518
36543519
36543520
36543521
3657792
3661322
3661601
3661904
3661919
3661920
36635332
3665197
36654965
36654966
36654967
36683312
3668618
36703516
36703527
3672146
36726806
36726807
36726808
36726809
36726813
36726814
36726815
36726816
36734066
36734732
36734753
36734754
36734994
36735460
36735872
36735873
36735874
36735877
36735885
36736103
36736107
36736109
36736110
36736132
36736133
36736134
3674705
3674823
3677707
3677921
3678079
36785906
36785998
36786054
36786178
36786267
36786268
36786382
36786383
36786384
36786418
36786552
36786759
36786760
36786761
3679202
36795551
36796129
36796481
3679714
36797471
36797472
3680275
3681784
3683652
36842416
36842505
36842506
36842577
36842653
36842781
36842810
36842926
36843311
36843910
36843911
36843912
36843913
3685324
36856444
36859070
36859071
36859213
36859381
36859760
36859761
36859762
36859763
36859764
3688028
3689227
36897983
36898049
36898640
36899028
36899137
36899165
36899248
3689941
3690764
36927416
36927447
36927638
36927639
36927640
36927676
36927722
36928090
36928091
36928452
36931466
36931552
36931933
36931996
36932107
36932108
36932199
36932200
36935302
36944192
36944202
36958706
36958849
36958879
36958880
36959134
36959279
3696027
36960279
3698161
3699463
3700072
3703873
3705213
3706253
37063227
37063391
37063433
37063570
37064427
37064618
37064619
37064620
37064621
3709881
3710349
3711886
3711919
3712150
37133003
3713461
3716354
3716459
37170928
3720419
3721608
3723418
3723827
37240784
3724394
3724871
3725349
3727267
37277172
37277406
37277513
37277756
37277774
37277775
37277776
37277777
37277838
37278187
37278382
37278660
37278661
37278662
37278664
37278665
37278744
37279263
37279552
37279553
3729712
37306216
3731396
3731506
37318298
37319359
37319559
37319597
37319598
37319599
37320007
37320133
37320134
3733183
3733187
3733188
3733189
3733191
3735136
3735157
3735321
3736152
3736255
3736471
3736804
37371065
37371348
37371544
37371545
37371578
37371657
37371658
37371737
37371780
37372009
37372009
37372034
37372101
37377249
37377277
37377278
37377279
37377280
37377281
37377390
37377470
37377524
37377632
37377963
37377964
37377990
37378027
37390700
37391283
37391473
37391829
37391850
37392325
3740563
3740987
3742289
3742292
3743045
3743473
3743479
3743843
3744191
3744206
3744462
37450814
37451003
37451063
37451156
37451158
37451160
37451407
37452132
3745689
3746388
3746803
3748840
3749186
3749937
37531260
3753206
3753624
3754749
3755326
3756683
3760622
3762046
3763384
37652746
37654348
3765696
3766272
3766277
3766283
3766284
3766287
3766288
3766293
3766295
3766299
3766303
3767632
3769857
3770338
3771323
3771745
3772485
3775349
3780761
37813697
37813708
37813907
37814338
37814339
37814504
37814663
37814786
37815523
3781720
3783718
3783995
3784441
3785819
3787683
3788803
3790449
3790543
3790548
3790804
3791683
3791968
3792712
3792923
3794369
3794885
3796594
3800638
3800662
3802034
3804547
3805441
3807503
3807991
3809340
3809697
3815472
3815960
3816661
3818630
3818655
3819203
3819275
3819301
3819384
3819397
3819413
3822446
3822636
3825977
3825981
3827657
3827700
3829471
3830115
3831638
3832621
3834328
3834349
3834523
3834616
3834717
3834722
3838262
3838353
3838365
3838386
3838508
3838529
3838551
3838572
3838593
3838666
3838677
3838686
3838689
3838730
3838799
3838898
3838919
3838961
3839003
3839013
3839075
3839154
3839194
3839235
3839245
3842262
3842302
3844965
3852319
3852720
3860556
3862623
3863839
3867852
3868592
3870491
3871858
3872126
3875024
3875393
3875397
3881304
3881476
3883712
3884359
3884402
3884406
3884637
3884778
3886356
3890348
3892184
3892717
3897579
3899158
3899371
3899393
3899406
3899729
3899799
3899905
3900252
3900851
3900873
3901460
3901507
3901536
3905467
3905524
3905630
3905748
3905783
3905939
3906916
3907122
3907300
3907678
3908527
3909324
3909536
3909875
3910278
3910519
3910739
3911165
3911680
3912839
3913111
3916631
3917561
3917719
3917833
3918333
3919941
3920175
3924624
3928528
3987689
3989000
3992540
4000660
4006498
4010831
4010918
4015346
4017292
4018446
4018447
4018450
4020316
4022159
4024183
4034020
4043653
4047583
4049702
4052506
4057295
4057476
4063328
4067015
4067217
4067519
4067557
4067563
4068057
4068744
4069029
4070100
4070342
4074205
4074413
4076909
4082303
4082335
4087269
4087349
4088175
4088179
4088317
4088811
4090509
4091564
4093542
4098025
4099724
4099728
4099729
4099739
4100576
4103209
4103506
4103593
4109858
4112955
4114694
4115094
4115977
4117459
4119433
4121758
4121953
4122086
4122788
4127045
4130081
4130512
4130979
4133808
4136324
4137949
4138062
4138116
4138240
4138318
4138507
4140546
4143075
4145665
4145666
4146147
4151145
4154624
4154798
4154798
4160746
4160816
4164052
4164189
4164497
4166098
4168543
4172110
4173129
4173930
4174295
4177760
4177780
4177794
4177960
4178830
4178862
4178873
4178886
4178974
4179008
4179021
4179102
4179126
4179153
4179408
4180569
4180733
4183521
4184691
4186069
4186234
4187620
4188898
4188900
4189296
4191815
4192178
4192208
4192844
4192931
4192933
4193054
4193055
4193058
4193059
4193458
4194223
4194505
4194580
4196407
4196857
4197256
4202509
4203885
4204878
4206554
4210625
4212123
4214599
4214680
4214681
4216576
4217681
4217853
4218648
4224219
4229651
4229719
4230453
4232349
4232689
4235928
4235957
4243016
4243918
4245166
4245803
4245804
4245805
4252496
4257159
4262584
4263997
4282495
4282496
4282497
4283265
4284088
4286158
4291433
4296167
4296242
4297142
4299967
4300574
4304145
4304351
4312478
4315493
4316057
4316177
4316201
4316207
4317313
4317466
4317720
4319658
4319748
4319854
4320280
4320426
4321485
4324070
4325627
4325911
4326626
4631854
4632167
4706922
4708214
4709465
4711256
4711273
4712453
4712455
4712455
4712468
4712487
4712493
4712494
4713277
4716599
4717919
4719184
4725364
4728138
4730804
4731908
4734608
4740298
4741918
4742816
4745552
4747929
4749772
4767063
4792453
4792563
4807870
4807918
4808231
4813939
4816357
4819486
4819544
4821956
4822329
4822351
4824329
4826608
4828364
4829831
4830341
4833565
4834777
4836969
4837273
4838384
4839910
4841394
4844763
4846674
4848578
4849778
4850478
4851923
4854050
4856273
4857673
4861467
4862082
4862173
4863978
4864248
4866364
4867312
4871238
4873302
4876632
4879070
4883537
4883547
4883557
4886533
4886774
4887442
4889185
4889360
4892581
4894034
4899798
4904832
4907181
4907813
4907928
4907929
4907936
4907938
4907943
4911177
4912595
4913997
4914430
4915506
4921984
4926077
4929351
4929516
4933854
4944690
4944693
4946959
4997771
5000509
5028766
5033528
5034266
5034836
5038954
5040510
5040639
5042309
5042466
5042471
5042565
5043445
5045324
5062849
5063191
5063258
5063995
5105840
5172787
5241070
5241741
5242587
5242870
5242871
5242872
5244401
5244436
5244679
5246726
5249378
5252201
5252357
5252406
5252407
5254676
5255151
5256488
5258442
5261482
5265777
5276277
5278062
5278916
5281622
5282266
5289189
5290933
5291401
5293242
5293754
5294442
5294801
5295512
5296327
5299654
5309172
5310696
5312797
5314102
5314170
5314699
5316136
5317868
5320682
5320756
5320760
5321498
5322440
5336634
5340146
5342626
5342630
5342809
5343367
5344168
5344169
5349273
5349985
5350078
5351517
5359531
5360458
5363091
5363095
5365340
5365341
5365508
5365950
5365953
5367713
5374257
5375367
5376468
5376539
5377729
5379139
5379625
5380184
5387595
5393737
5393749
5394218
5399138
5399220
5399915
5399925
5402109
5402623
5404257
5406056
5407466
5409528
5410329
5412176
5416103
5416262
5423645
5423655
5423658
5502824
5503953
5505225
5770997
5904211
5904296
5906866
5908064
5914410
5917000
5919072
5923266
5939405
5940699
5940963
5945464
5946597
5949722
5950920
5954765
5955388
5955849
5960530
5962286
5964327
5966105
5968367
5968368
5968369
5968370
5975199
5977941
5978072
5978075
5978076
5984932
5997128
5998174
5998179
5998181
5998199
5998212
5998959
5999411
6004723
6004889
6005387
6007242
6007243
6007350
6008972
6008982
6010540
6013915
6016241
6017059
6018131
6021425
6028200
6028421
6029724
6030525
6030632
6030761
6036760
6037450
6037911
6039017
6041992
6042381
6042499
6048216
6050000
6052914
6055005
6063978
6067659
6072965
6073033
6079076
6084752
6088423
6088424
6094695
6105515
6110352
6110467
6113763
6117672
6120031
6120310
6123925
6126080
6126190
6126197
6129191
6129347
6132649
6132913
6134080
6137662
6137884
6145610
6146301
6146367
6146384
6151474
6190216
6267162
6274744
6296216
6307579
6307777
6307778
6308206
6311540
6312827
6355492
6382910
6383389
6385614
6386295
6386319
6386443
6386482
6386537
6387195
6387238
6387278
6388585
6389754
6389972
6390420
6391294
6391297
6391434
6391521
6391544
6391670
6392030
6392530
6392655
6393967
6395646
6395653
6396415
6396600
6397005
6397948
6397956
6397967
6398008
6398018
6398041
6398048
6400857
6403155
6423594
6425070
6425769
6428625
6428905
6429168
6430527
6430542
6430543
6430583
6431423
6431526
6431938
6433184
6434481
6435053
6435503
6437154
6437187
6437208
6437262
6437392
6437471
6437546
6437581
6437583
6437646
6437675
6437697
6437715
6437729
6437730
6437752
6439894
6440504
6508293
6511111
6511535
6512520
6513163
6513442
6513457
6513920
6514134
6514588
6514594
6515164
6515195
6515262
6515311
6515342
6515343
6515393
6515394
6515404
6516059
6517085
6517090
6517102
6517686
6517911
6517955
6519236
6520507
6521482
6521740
6522373
6522526
6523080
6524506
6524518
6524560
6524636
6526413
6526563
6526568
6526720
6530333
6530973
6531115
6535563
6538706
6539354
6553402
6553403
6555892
6555910
6556233
6556235
6556236
6556436
6558822
6559089
6560398
6560461
6560652
6560888
6621581
6709811
6716286
6719049
6719069
6719172
6719739
6725679
6725845
6726852
6727035
6727087
6728112
6728500
6730568
6732035
6737138
6745554
6745596
6752873
6755229
6771542
6772935
6776760
6776884
6776947
6778476
6780983
6782245
6782246
6782248
6783488
6784495
6787066
6787082
6787927
6789254
6792800
6794156
6794407
6795209
6798247
6798502
6799260
6805009
6805013
6807410
6807811
6813131
6816497
6818018
6819162
6827746
6828918
6829553
6831158
6835349
6855044
6855788
6855825
6858718
6860149
6860842
6861050
6862000
6863377
6865448
6865525
6865535
6865895
6868429
6868785
6868869
6869644
6869648
6869654
6870033
6871298
6872736
6872847
6873429
6873602
6874623
6874750
6874975
6875393
6878409
6885845
6886981
6887040
6887649
6887892
6889648
6889972
6889973
6891916
6893940
6895090
6895091
6896033
6899244
6901184
6901466
6901701
6902873
6905160
6920239
6952787
6953178
6958380
6958695
6958698
6958853
6959689
6960688
6963810
6966267
6966577
6966814
6968191
6969802
6970805
6970808
6970818
6970826
6971374
6971424
6971944
6972548
6972648
6972649
6973366
6973982
6974364
6977812
6984980
6985032
6991508
7003938
7004598
7005213
7051946
7052613
7052616
7052652
7052686
7054394
7055123
7055278
7057348
7057874
7057877
7058089
7059954
7061366
7062002
7062004
7062239
7063725
7063844
7067476
7153490
7155011
7155095
7564558
